========================================================
                        TEMPLATE
========================================================

new Puzzle(p, -1, -1,
    [
        [0, 0, 0, 0, 0],
        [0, 0, 0, 0, 0],
        [0, 0, 0, 0, 0],
        [0, 0, 0, 0, 0],
        [0, 0, 0, 0, 0],
        [0, 0, 0, 0, 0],
    ],
    POINTS,
    BLOCK
)

========================================================

[
    new Puzzle(p, -1, -1,
        [
            [0, 0, 1, 1, 0],
            [1, 1, 1, 1, 0],
            [0, 1, 1, 1, 1],
            [0, 1, 1, 1, 1],
            [0, 1, 1, 0, 0],
        ],
        5,
        PieceFactory.create1block(p)
    ),
    new Puzzle(p, -1, -1,
        [
            [0, 0, 0, 0, 0],
            [1, 1, 1, 1, 0],
            [0, 1, 1, 1, 1],
            [0, 1, 1, 1, 1],
            [1, 1, 1, 1, 0],
        ],
        5,
        PieceFactory.create1block(p)
    ),
    new Puzzle(p, -1, -1,
        [
            [0, 0, 0, 0, 0],
            [0, 0, 1, 0, 0],
            [1, 1, 1, 1, 1],
            [1, 1, 1, 1, 1],
            [1, 1, 1, 1, 1],
        ],
        5,
        PieceFactory.create1block(p)
    ),
    new Puzzle(p, -1, -1,
        [
            [0, 0, 0, 0, 0],
            [0, 1, 1, 1, 1],
            [0, 1, 1, 1, 1],
            [1, 1, 1, 1, 0],
            [1, 1, 1, 1, 0],
        ],
        5,
        PieceFactory.create1block(p)
    ),
    new Puzzle(p, -1, -1,
        [
            [0, 0, 0, 0, 0],
            [0, 1, 1, 1, 0],
            [1, 1, 1, 1, 1],
            [1, 1, 1, 1, 1],
            [0, 1, 1, 1, 0],
        ],
        5,
        PieceFactory.create1block(p)
    ),
    new Puzzle(p, -1, -1,
        [
            [0, 0, 1, 0, 0],
            [0, 0, 1, 1, 0],
            [0, 1, 1, 1, 0],
            [0, 1, 1, 1, 0],
            [0, 1, 1, 1, 0],
        ],
        4,
        PieceFactory.create1block(p)
    ),
    new Puzzle(p, -1, -1,
        [
            [0, 0, 0, 0, 0],
            [0, 1, 0, 0, 0],
            [0, 1, 1, 1, 0],
            [0, 1, 1, 1, 0],
            [1, 1, 1, 1, 1],
        ],
        4,
        PieceFactory.create2block(p)
    ),
    new Puzzle(p, -1, -1,
        [
            [0, 0, 0, 0, 0],
            [0, 0, 0, 1, 0],
            [0, 0, 1, 1, 0],
            [1, 1, 1, 1, 0],
            [1, 1, 1, 1, 1],
        ],
        4,
        PieceFactory.create2block(p)
    ),
    new Puzzle(p, -1, -1,
        [
            [0, 0, 0, 0, 0],
            [0, 0, 0, 0, 0],
            [0, 1, 1, 1, 0],
            [1, 1, 1, 1, 1],
            [1, 1, 1, 1, 1],
        ],
        4,
        PieceFactory.createCorner(p)
    ),
    new Puzzle(p, -1, -1,
        [
            [0, 0, 1, 0, 0],
            [0, 1, 1, 0, 0],
            [0, 1, 1, 0, 0],
            [0, 1, 1, 1, 0],
            [1, 1, 1, 1, 1],
        ],
        4,
        PieceFactory.createCorner(p)
    ),
    new Puzzle(p, -1, -1,
        [
            [0, 0, 0, 0, 0],
            [0, 0, 0, 0, 1],
            [1, 1, 1, 1, 1],
            [1, 1, 1, 1, 1],
            [0, 0, 1, 1, 1],
        ],
        4,
        PieceFactory.create3block(p)
    ),
    new Puzzle(p, -1, -1,
        [
            [0, 0, 0, 0, 0],
            [0, 0, 0, 1, 1],
            [0, 0, 1, 1, 1],
            [0, 1, 1, 1, 1],
            [1, 1, 1, 1, 1],
        ],
        4,
        PieceFactory.create3block(p)
    ),
    new Puzzle(p, -1, -1,
        [
            [0, 0, 0, 0, 0],
            [0, 0, 0, 0, 0],
            [0, 0, 0, 0, 0],
            [1, 1, 1, 0, 0],
            [1, 1, 1, 1, 1],
        ],
        3,
        PieceFactory.create2block(p)
    ),
    new Puzzle(p, -1, -1,
        [
            [0, 0, 0, 0, 0],
            [0, 0, 0, 0, 0],
            [0, 1, 1, 0, 0],
            [1, 1, 1, 0, 0],
            [1, 1, 1, 1, 1],
        ],
        3,
        PieceFactory.createCorner(p)
    ),
    new Puzzle(p, -1, -1,
        [
            [0, 0, 0, 0, 0],
            [0, 1, 0, 0, 0],
            [0, 1, 1, 0, 0],
            [0, 1, 1, 1, 0],
            [0, 1, 1, 1, 0],
        ],
        3,
        PieceFactory.create3block(p)
    ),
    new Puzzle(p, -1, -1,
        [
            [0, 0, 0, 0, 0],
            [1, 0, 0, 0, 0],
            [1, 1, 0, 0, 0],
            [1, 1, 1, 0, 0],
            [1, 1, 1, 1, 0],
        ],
        3,
        PieceFactory.createZigzag(p)
    ),
    new Puzzle(p, -1, -1,
        [
            [0, 0, 0, 0, 0],
            [0, 1, 1, 0, 0],
            [0, 1, 1, 1, 0],
            [0, 1, 1, 1, 0],
            [0, 1, 1, 0, 0],
        ],
        3,
        PieceFactory.create4block(p)
    ),
    new Puzzle(p, -1, -1,
        [
            [0, 0, 0, 0, 0],
            [0, 1, 1, 0, 0],
            [0, 1, 1, 0, 0],
            [0, 1, 1, 1, 0],
            [0, 1, 1, 1, 0],
        ],
        3,
        PieceFactory.createLblock(p)
    ),
    new Puzzle(p, -1, -1,
        [
            [0, 0, 1, 0, 0],
            [0, 1, 1, 0, 0],
            [0, 1, 1, 0, 0],
            [0, 1, 1, 1, 0],
            [0, 1, 1, 1, 0],
        ],
        3,
        PieceFactory.createSquare(p)
    ),
    new Puzzle(p, -1, -1,
        [
            [0, 0, 0, 0, 0],
            [0, 0, 1, 1, 0],
            [0, 1, 1, 1, 0],
            [0, 1, 1, 1, 0],
            [0, 1, 1, 1, 0],
        ],
        3,
        PieceFactory.createSmallT(p)
    )
]